4647960173
1980124755
6052509676
163718057
140258990
3991272
164279327
38023771
178236960
146335948
139728316
97681946
113788742
289302406
332735750
187576939
138235305
180057364
145399283
14943069
401950003
407499961
634071139
284583184
53866290
168095944
6459069
87162006
130156165
121325204
145610626
81351746
172123886
2207291
125775822
75249861
219183651
17169228
126569530
101088381
141039383
182199591
166392761
169678521
309015305
66895609
155361651
441825
99451656
99060139
104607645
88707935
157400125
3071427
140251899
146576379
170177014
273090581
140256391
140478142
173914672
222491860
210519264
47637419
270896527
148506537
500453
6237580
2707272
466063
261311657
196313893
466926061
699283250
115470995
112161482
264465850
252843786
22207531
179143860
451427637
53844769
272689507
489554826
931398675
293509899
333989309
859169144
375485094
157065912
155980670
475779524
182652970
137870778
395945360
899570153
195025270
132997933
62231464
307904954
19481930
150301916
317520373
153432694
270361582
165111397
707412972
121823922
240365807
110570239
275278672
170613077
64516
106562916
62323907
121799837
18090406
524922364
91529715
84743203
542392270
163768913
38805399
307229139
102864695
159606072
98087607
310577560
106359425
374118365
148508734
179158012
66733
99141657
341657887
338431408
157939102
355409415
121854776
1112210634
238011093
59401007
21484450
88542826
531482980
286909428
362135519
285857239
499087387
101709432
1221677237
31371283
390311109
124753685
166287472
782742742
413587576
316533958
994402516
414192758
438017739
269083336
432025922
312011267
157185256
157186058
101385567
61648063
271919219
271961593
473760205
328744005
899238797
148378203
171092011
176885746
949551601
238243882
1436154219
1172242218
302000273
102022435
67241739
67243992
17648285
516177375
298668030
97837301
480858487
1214936771
683334889
198320456
659155888
490735154
487306616
960911078
18645165
971793393
349526906
1107778599
565327402
213352846
68599326
1359395882
411706819
24160299
453572246
361253388
149699539
1300467414
99159164
141649312
680618573
533724523
991958049
25298570
1240275612
61850257
24560880
1832111071
1588579651
385546813
138459631
1336393549
204625938
844805955
826789561
709518051
210809698
106220454
1432078896
851083465
1573996996
170638732
681294132
125292226
320075408
214865113
80936188
964088769
1674592529
370701377
59608380
548423951
845026466
411966297
541868731
176458313
22862942
21754981
44059064
92714340
992271990
1145435138
72386637
1220363575
22867022
908886998
9954703
68679605
1277583657
136089809
157677121
13151032
494330325
1643869473
1220532825
530350094
860339821
138733046
513535945
1748369277
308197990
426590117
866875288
1028537419
401989564
339310190
1272625300
41083501
646654778
1391703438
901819690
1018059505
503003513
420814583
1818437240
10275438
20930285
1950714902
298510308
1529355775
213099582
137550731
1716321234
420610970
81028274
1308519438
54253077
1411825304
1084413459
571739716
1788126308
160815719
1645551250
218118119
532539989
1566785613
381353201
195732235
39193858
636207896
2382254446
40748598
433581581
976728704
1263332601
451148296
66372636
993338548
56555019
1711686684
755194786
379520467
1476574657
567558633
563823672
1383270008
408858632
1687823390
122673807
351924059
1867636458
1600698721
1375712725
56177290
308818491
133838461
154041663
204556777
177171575
1040692882
320834645
968512394
1157637359
1401330745
1700385830
1771413798
855478410
44780781
1931871874
472860216
123145005
1203707769
479443437
2308664573
1358562277
86727026
108676616
139116106
1326982062
1628507508
103880779
1036659904
1878777713
105881969
2018393610
2207608043
57521437
1579302204
276838174
1619517562
1203375699
1413263637
1425755063
1425770029
2459531042
2450307569
250610269
181314968
1635394658
131585566
50518784
1626437621
142335175
85552114
172673825
250421492
1177616618
118806189
933956429
1057787722
138067292
1066684171
1092009588
90593740
384639097
1538006735
2347535278
1715261311
46020387
507900475
1415993567
279305044
1104523606
583066356
1898838427
1673177404
552089381
101762176
1731692918
1951570423
163488823
849114033
1771380443
1326259003
855197209
2373243394
2765756386
27638218
25963523
1093462394
35602547
6276409
1554210951
169576473
983600771
1096995050
1253690246
438878606
2013548315
1212154812
2392809815
1151992549
308039379
487532097
176469392
880936368
1162541
471664661
126206150
355371758
1484094314
374150452
161844999
375917697
1405830102
1230109044
32163212
527854305
52392831
32466481
1504156095
2409018999
2033918554
1634922873
45190570
2562297533
46396425
24410840
684425139
2333758830
163493231
5118868
2614768590
1458395894
476389675
342312925
153846711
2372106589
141484037
14069409
1213829949
402593599
1329149926
1344750283
579767515
22731413
2676394746
828373475
215001278
500161865
544597866
65217781
53776651
44454314
1121868056
1235203005
1974959085
434578490
462489784
133784591
1247585283
91579141
1964129803
1720902157
2302434854
58347481
97236249
511572273
94202129
376201979
243881570
1718985510
1296240035
3119663175
2259433224
1055519505
55954468
851564912
950420207
2590193767
461653567
1698287458
271980258
2695915017
1408051431
159772953
3242953293
308245124
1480879553
2421277499
1430101217
2023151261
1374542890
1010559587
128080998
105530355
1311710683
1764237649
1741412144
2670284232
111573009
2245695580
1930017683
3451565385
1309729479
1492820190
59488213
900534966
893610805
65387616
271347922
586574327
1641266151
537343324
158507521
2384779608
124905007
7733466
3751744478
1251557967
395017056
324386852
15959168
564089533
473661447
272629211
2450762569
2521288027
1414645265
2255499872
4199682534
915315268
157770728
920678519
218206839
1757559374
16388464
1567292859
447951668
352889457
120173604
63221750
1489101951
195548090
153829946
56186502
1657877565
2309246
1157409
197807548
328696213
102572
3867274090
2241660215
273332595
841822931
1527425585
4381375130
434510033
2576205493
295762020
875088599
143605431
109927308
343202642
141935371
3851643945
25443170
3650678166
4531483589
422349589
2913995920
329651117
1606783389
2397012770
4135618187
1509431367
5041228433
511854417
2407863325
2834097462
1735149835
3865749259
